1464040445 1 27 20 19 20 20 19 20 21 19 
1464040445 1 27 19 19 19 18 20 19 19 20 
1464040445 1 27 19 19 20 19 19 19 20 19 
1464040445 1 27 18 19 21 20 21 19 19 19 
1464040445 1 27 19 19 19 19 20 19 19 18 
1464040445 1 27 17 19 18 18 19 19 19 17 
1464040445 1 27 18 17 18 18 18 19 17 17 
1464040445 1 27 17 18 18 17 18 19 19 16 

1464040445 2 27 20 19 19 20 19 18 19 19 
1464040445 2 27 19 20 19 20 19 19 19 19 
1464040445 2 27 19 19 20 19 19 19 20 19 
1464040445 2 27 18 19 21 20 21 19 19 19 
1464040445 2 27 19 19 20 19 19 19 19 18 
1464040445 2 27 19 18 19 18 19 19 18 18 
1464040445 2 27 18 18 18 18 19 18 19 18 
1464040445 2 27 15 18 17 18 18 17 18 16 

1464040445 3 27 19 19 19 19 19 20 19 19 
1464040445 3 27 19 19 19 20 19 19 19 20 
1464040445 3 27 20 20 19 19 19 19 21 19 
1464040445 3 27 19 19 22 20 20 19 19 19 
1464040445 3 27 19 19 20 19 19 19 19 18 
1464040445 3 27 19 18 19 18 19 19 18 18 
1464040445 3 27 18 18 18 18 17 19 18 18 
1464040445 3 27 15 18 17 17 18 19 17 17 

1464040446 4 27 19 18 20 19 18 18 19 17 
1464040446 4 27 19 19 20 19 20 20 20 19 
1464040446 4 27 19 20 20 19 19 18 21 19 
1464040446 4 27 19 20 21 20 20 19 19 19 
1464040446 4 27 19 19 19 19 20 18 19 18 
1464040446 4 27 18 18 18 18 19 18 19 17 
1464040446 4 27 17 19 17 18 18 18 18 18 
1464040446 4 27 16 17 18 17 18 18 19 17 

1464040446 5 27 20 19 20 20 19 19 20 20 
1464040446 5 27 19 19 20 20 19 20 20 19 
1464040446 5 27 19 20 20 19 19 19 21 18 
1464040446 5 27 19 20 21 20 20 19 19 19 
1464040446 5 27 20 19 19 19 19 19 18 18 
1464040446 5 27 18 19 19 19 19 19 19 18 
1464040446 5 27 17 19 17 18 18 18 18 18 
1464040446 5 27 16 17 18 17 18 18 19 17 

1464040446 6 27 20 19 20 20 19 19 19 19 
1464040446 6 27 20 19 19 20 19 19 19 20 
1464040446 6 27 19 19 20 20 20 18 20 19 
1464040446 6 27 19 20 21 20 20 19 19 18 
1464040446 6 27 19 18 19 20 20 19 19 19 
1464040446 6 27 17 19 18 19 18 19 19 17 
1464040446 6 27 16 18 18 19 19 19 18 18 
1464040446 6 27 16 18 17 17 18 18 19 17 

1464040446 7 27 19 19 19 20 18 20 20 20 
1464040446 7 27 19 19 19 19 19 20 20 20 
1464040446 7 27 20 19 19 19 20 19 21 17 
1464040446 7 27 18 19 22 21 20 19 19 19 
1464040446 7 27 19 18 20 19 20 19 19 19 
1464040446 7 27 18 19 19 18 19 19 19 18 
1464040446 7 27 18 17 19 18 18 19 19 17 
1464040446 7 27 15 17 18 17 18 19 18 17 

1464040446 8 27 19 19 20 19 20 19 19 18 
1464040446 8 27 18 19 19 20 19 19 20 19 
1464040446 8 27 19 19 20 20 18 19 21 19 
1464040446 8 27 19 20 21 20 21 19 18 19 
1464040446 8 27 19 18 20 19 19 19 18 18 
1464040446 8 27 18 18 19 19 18 19 19 19 
1464040446 8 27 17 18 19 19 18 19 17 17 
1464040446 8 27 17 17 17 17 18 18 18 19 

1464040446 9 27 20 20 20 20 20 20 20 20 
1464040446 9 27 19 19 19 19 19 18 20 18 
1464040446 9 27 19 24 24 24 24 19 21 18 
1464040446 9 27 19 24 24 24 24 19 19 19 
1464040446 9 27 19 24 24 24 24 19 18 18 
1464040446 9 27 17 24 24 24 24 18 19 18 
1464040446 9 27 18 18 19 19 18 18 18 17 
1464040446 9 27 16 17 18 18 19 19 18 17 

1464040446 10 27 20 19 20 19 19 19 20 19 
1464040446 10 27 19 19 19 20 20 19 19 20 
1464040446 10 27 19 20 19 19 19 19 21 20 
1464040446 10 27 18 19 21 20 21 19 18 18 
1464040446 10 27 19 19 19 20 19 19 18 18 
1464040446 10 27 19 19 19 19 19 18 19 18 
1464040446 10 27 19 17 19 19 19 18 20 17 
1464040446 10 27 18 18 18 18 18 19 18 18 

1464040446 11 27 19 20 20 19 20 20 20 20 
1464040446 11 27 19 19 19 19 20 20 20 19 
1464040446 11 27 19 20 20 19 20 19 20 19 
1464040446 11 27 19 19 21 21 20 19 19 20 
1464040446 11 27 19 19 20 20 20 19 19 17 
1464040446 11 27 17 19 18 19 19 18 18 17 
1464040446 11 27 16 18 19 18 18 20 19 18 
1464040446 11 27 16 19 18 17 17 19 18 18 

1464040446 12 27 20 19 19 19 19 20 20 19 
1464040446 12 27 19 19 19 19 19 20 20 19 
1464040446 12 27 20 19 19 20 19 19 20 18 
1464040446 12 27 19 20 21 20 21 19 19 19 
1464040446 12 27 19 19 19 19 18 19 18 18 
1464040446 12 27 18 19 19 18 19 19 18 17 
1464040446 12 27 16 18 17 19 17 18 17 17 
1464040446 12 27 18 16 17 17 18 18 18 17 

1464040447 13 27 21 20 20 19 20 19 20 19 
1464040447 13 27 19 19 19 19 19 19 20 19 
1464040447 13 27 20 20 20 20 19 18 21 19 
1464040447 13 27 18 18 21 20 20 19 19 19 
1464040447 13 27 19 18 20 19 19 19 19 18 
1464040447 13 27 18 19 19 18 19 19 19 17 
1464040447 13 27 17 17 18 18 18 18 18 18 
1464040447 13 27 17 18 18 17 17 18 18 17 

1464040447 14 27 20 19 20 20 19 20 20 19 
1464040447 14 27 20 19 20 20 19 19 20 19 
1464040447 14 27 19 19 20 20 19 19 21 19 
1464040447 14 27 19 20 21 20 20 19 21 19 
1464040447 14 27 19 18 20 20 20 19 19 17 
1464040447 14 27 18 19 18 19 20 19 19 18 
1464040447 14 27 16 18 19 18 18 19 17 18 
1464040447 14 27 16 18 18 17 18 18 18 16 

1464040447 15 27 20 20 20 20 19 19 20 19 
1464040447 15 27 20 19 19 20 20 19 19 19 
1464040447 15 27 20 20 21 20 20 19 22 19 
1464040447 15 27 17 20 21 21 20 19 21 19 
1464040447 15 27 18 18 20 19 19 18 20 18 
1464040447 15 27 17 19 19 19 19 19 19 18 
1464040447 15 27 18 18 19 18 19 18 19 18 
1464040447 15 27 15 18 17 18 18 18 19 17 

1464040447 16 27 20 19 20 20 20 20 20 20 
1464040447 16 27 19 19 20 19 19 20 20 20 
1464040447 16 27 19 19 20 20 19 20 21 19 
1464040447 16 27 18 20 21 20 20 20 22 19 
1464040447 16 27 19 19 20 19 19 19 19 18 
1464040447 16 27 18 19 18 18 19 19 18 18 
1464040447 16 27 17 17 18 18 18 18 19 19 
1464040447 16 27 17 18 17 18 18 18 18 18 

1464040447 17 27 19 19 19 20 20 19 18 19 
1464040447 17 27 19 19 20 20 19 19 20 20 
1464040447 17 27 19 20 19 20 19 19 21 20 
1464040447 17 27 19 20 21 20 20 19 21 19 
1464040447 17 27 19 19 20 20 20 19 19 19 
1464040447 17 27 18 19 19 19 20 19 18 18 
1464040447 17 27 18 18 19 18 18 20 18 17 
1464040447 17 27 17 17 18 18 18 18 19 17 

1464040447 18 27 20 20 19 20 19 19 19 20 
1464040447 18 27 19 48 48 48 48 48 20 20 
1464040447 18 27 20 48 48 48 48 48 21 19 
1464040447 18 27 19 48 48 48 48 48 22 19 
1464040447 18 27 18 48 48 48 48 48 20 19 
1464040447 18 27 18 48 48 48 48 48 20 18 
1464040447 18 27 17 17 19 19 18 19 18 17 
1464040447 18 27 16 18 17 18 18 19 19 17 

1464040447 19 27 2 2 2 2 2 2 2 2 
1464040447 19 27 28 28 28 2 48 48 48 2 
1464040447 19 27 28 28 28 2 48 48 48 2 
1464040447 19 27 28 28 28 2 48 48 48 2 
1464040447 19 27 28 28 28 2 48 48 48 2 
1464040447 19 27 28 28 28 2 48 48 48 2 
1464040447 19 27 28 28 28 2 48 48 48 2 
1464040447 19 27 2 2 2 2 2 2 2 2 